I0 = 136.75083214945124
gamma_inc = 0.014310045798493598
C = 5304.717319017966
gamma_dec = 0.01065553513437767
Imax = 1134
